RightArmThrow=0000 006B 0000 000D 0101 0022 0020 0022 0020 0084 0020 0084 0020 0022 0020 0084 0020 0022 0020 0084 0020 0022 0020 0084 0020 0022 0020 0084 0020 1C8E
LeftArmThrow=0000 006B 0000 000D 0101 0022 0020 0022 0020 0084 0020 0084 0020 0022 0020 0084 0020 0022 0020 0084 0020 0084 0020 0084 0020 0022 0020 0022 0020 1F9C
RightKick=0000 006B 0000 000D 0101 0022 0020 0022 0020 0084 0020 0084 0020 0022 0020 0084 0020 0084 0020 0022 0020 0022 0020 0022 0020 0084 0020 0022 0020 213F
Laugh=0000 006B 0000 000D 0101 0022 0020 0022 0020 0084 0020 0084 0020 0022 0020 0084 0020 0084 0020 0022 0020 0084 0020 0084 0020 0022 0020 0022 0020 1F22
Roar=0000 006B 0000 000D 0101 0022 0020 0022 0020 0084 0020 0084 0020 0022 0020 0084 0020 0084 0020 0084 0020 0022 0020 0084 0020 0022 0020 0022 0020 22BE
RightPush=0000 006B 0000 000D 0101 0022 0020 0022 0020 0084 0020 0084 0020 0022 0020 0084 0020 0084 0020 0022 0020 0022 0020 0084 0020 0022 0020 0084 0020 1979
Insult=0000 006B 0000 000D 0101 0022 0020 0022 0020 0084 0020 0084 0020 0022 0020 0084 0020 0084 0020 0022 0020 0084 0020 0084 0020 0022 0020 0084 0020 1BAC
RightChop=0000 006B 0000 000D 0101 0022 0020 0022 0020 0084 0020 0084 0020 0022 0020 0084 0020 0084 0020 0022 0020 0022 0020 0084 0020 0084 0020 0022 0020 2F04
Fetch=0000 006B 0000 000D 0101 0022 0020 0022 0020 0084 0020 0084 0020 0022 0020 0084 0020 0084 0020 0084 0020 0022 0020 0084 0020 0084 0020 0022 0020 2239
LeftChop=0000 006B 0000 000D 0101 0022 0020 0022 0020 0084 0020 0084 0020 0022 0020 0084 0020 0084 0020 0022 0020 0022 0020 0084 0020 0084 0020 0084 0020 190A
Danger=0000 006B 0000 000D 0101 0022 0020 0022 0020 0084 0020 0084 0020 0022 0020 0084 0020 0084 0020 0084 0020 0022 0020 0084 0020 0084 0020 0084 0020 195C
LeftPush=0000 006B 0000 000D 0101 0022 0020 0022 0020 0084 0020 0084 0020 0022 0020 0084 0020 0084 0020 0022 0020 0084 0020 0022 0020 0022 0020 0022 0020 203E
Plan=0000 006B 0000 000D 0101 0022 0020 0022 0020 0084 0020 0084 0020 0022 0020 0084 0020 0084 0020 0084 0020 0022 0020 0022 0020 0022 0020 0022 0020 1A0F
CalmDown=0000 006B 0000 000D 0100 0022 0020 0022 0020 0084 0020 0084 0020 0022 0020 0084 0020 0084 0020 0084 0020 0084 0020 0022 0020 0022 0020 0022 0020 1B4E
SpareChange=0000 006B 0000 000D 0101 0022 0020 0022 0020 0084 0020 0084 0020 0022 0020 0084 0020 0084 0020 0084 0020 0022 0020 0022 0020 0022 0020 0084 0020 1FC1
Hug=0000 006B 0000 000D 0101 0022 0020 0022 0020 0084 0020 0084 0020 0022 0020 0084 0020 0084 0020 0084 0020 0084 0020 0022 0020 0022 0020 0084 0020 1AC9
DanceDemo=0000 006B 0000 000D 0101 0022 0020 0022 0020 0084 0020 0084 0020 0022 0020 0084 0020 0022 0020 0084 0020 0022 0020 0022 0020 0022 0020 0022 0020 1EA3
Oops=0000 006B 0000 000D 0101 0022 0020 0022 0020 0084 0020 0084 0020 0022 0020 0084 0020 0022 0020 0084 0020 0084 0020 0022 0020 0084 0020 0084 0020 1C45
High5=0000 006B 0000 000D 0101 0022 0020 0022 0020 0084 0020 0084 0020 0022 0020 0084 0020 0084 0020 0022 0020 0084 0020 0022 0020 0022 0020 0084 0020 2388
HeyBaby=0000 006B 0000 000D 0101 0022 0020 0022 0020 0084 0020 0084 0020 0022 0020 0084 0020 0084 0020 0022 0020 0084 0020 0022 0020 0084 0020 0084 0020 2B1E
Burp=0000 006B 0000 000D 0101 0022 0020 0022 0020 0084 0020 0084 0020 0022 0020 0084 0020 0084 0020 0084 0020 0022 0020 0022 0020 0084 0020 0084 0020 1859
DontPress=0000 006B 0000 000D 0101 0022 0020 0022 0020 0084 0020 0084 0020 0022 0020 0084 0020 0084 0020 0084 0020 0084 0020 0022 0020 0084 0020 0022 0020 2DE1